// memory data file (do not edit the following line - required for mem load use)
// instance=/mips32_testbench/test1/mem/memory
// format=bin addressradix=h dataradix=b version=1.0 wordsperline=1 noaddress
11111111111111110000111100000001
11111111111111110000111100000001
00000001111000000000000000000010
11111111111111110000111100000001
00000000000000000000000000000100
00000000000000000000000000000101
00000000011110000000000000000110
00000000000000000000000000000111
00000000000000000000000000001000
00000000000000000000000000001001
00000000000000000000000000001010
00001111111000000000000000001011
00000000000000000000000000001100
00000000000011111110000000001101
00000000000000000000000000001110
00000000000000011111110000001111
00000000000000000000000000010000
00000001111110000000000000010001
00000000000000000000000000010010
00011111100000000000000000010011
11111111111000000000000000010100
00000000000000000000000000010101
00000000000000011111100000010110
00001111111111000000000000010111
11111111110000001000000000011000
00001111110000000000000000011001
00000000000000000000000000011010
00000000000000000000000000011011
00000000000000000000000000011100
00000000000000000000000000011101
00000000000000000000000000011110
00000000001111111110000000011111
11111110000000000000000000000000
00000000000000000000000000000001
00000000000000000000000000000010
00000000000011111100000000000011
00000000000000000000000000000100
00000000000000000000000000000101
00000000000000000000000000000110
00000000000000000000000000000111
00000000000000000000000000001000
00000000000000000000000000001001
00000000000000000000000000001010
00000000000000000000000000001011
00000000000000000000000000001100
00000000000000000000000000001101
00000000000000000000000000001110
00000000000000000000000000001111
00000000000000000000000000010000
00000000000000000000000000010001
00000000000000000000000000010010
00000000000000000000000000010011
00000000000000000000000000010100
00000000000000000000000000010101
00000000000000000000000000010110
00000000000000000000000000010111
00000000000000000000000000011000
00000000000000000000000000011001
00000000000000000000000000011010
00000000000000000000000000011011
00000000000000000000000000011100
00000000000000000000000000011101
00000000000000000000000000011110
00000000000000000000000000011111
00000000000000000000000000000000
00000000000000000000000000010100
00000000000011111111111111000010
00000000000000000000000000000011
00000000000000000000000000000100
00000000000000000000000000000101
00000000000000000000000000000110
00000000000000000000000000000111
00000000000000000000000000001000
00000000000000000000000000001001
00000000000000000000000000001010
00000000000000000000000000001011
00000000000000000000000000001100
00000000000000000000000000001101
00000000000000000000000000001110
00000000000000000000000000001111
00000000000000000000000000010000
00000000000000000000000000010001
00000000000000000000000000010010
00000000000000000000000000010011
00000000000000000000000000010100
00000000000000000000000000010101
00000000000000000000000000010110
00000000000000000000000000010111
00000000000000000000000000011000
00000000000000000000000000011001
00000000000000000000000000011010
00000000000000000000000000011011
00000000000000000000000000011100
00000000000000000000000000011101
00000000000000000000000000011110
00000000000000000000000000011111
00000000000000000000000000000000
00000000000000000000000000000001
00000000000000000000000000000010
00000000000000000000000000000011
00000000000000000000000000000100
00000000000000000000000000000101
00000000000000000000000000000110
00000000000000000000000000000111
00000000000000000000000000001000
00000000000000000000000000001001
00000000000000000000000000001010
00000000000000000000000000001011
00000000000000000000000000001100
00000000000000000000000000001101
00000000000000000000000000001110
00000000000000000000000000001111
00000000000000000000000000010000
00000000000000000000000000010001
00000000000000000000000000010010
00000000000000000000000000010011
00000000000000000000000000010100
00000000000000000000000000010101
00000000000000000000000000010110
00000000000000000000000000010111
00000000000000000000000000011000
00000000000000000000000000011001
00000000000000000000000000011010
00000000000000000000000000011011
00000000000000000000000000011100
00000000000000000000000000011101
00000000000000000000000000011110
00000000000000000000000000011111
00000000000000000000000000000000
00000000000000000000000000010100
00000000000000000000000000000010
00000000000000000000000000000011
00000000000000000000000000000100
00000000000000000000000000000101
00000000000000000000000000000110
00000000000000000000000000000111
00000000000000000000000000001000
00000000000000000000000000001001
00000000000000000000000000001010
00000000000000000000000000001011
00000000000000000000000000001100
00000000000000000000000000001101
00000000000000000000000000001110
00000000000000000000000000001111
00000000000000000000000000010000
00000000000000000000000000010001
00000000000000000000000000010010
00000000000000000000000000010011
00000000000000000000000000010100
00000000000000000000000000010101
00000000000000000000000000010110
00000000000000000000000000010111
00000000000000000000000000011000
00000000000000000000000000011001
00000000000000000000000000011010
00000000000000000000000000011011
00000000000000000000000000011100
00000000000000000000000000011101
00000000000000000000000000011110
00000000000000000000000000011111
00000000000000000000000000000000
00000000000000000000000000000001
00000000000000000000000000000010
00000000000000000000000000000011
00000000000000000000000000000100
00000000000000000000000000000101
00000000000000000000000000000110
00000000000000000000000000000111
00000000000000000000000000001000
00000000000000000000000000001001
00000000000000000000000000001010
00000000000000000000000000001011
00000000000000000000000000001100
00000000000000000000000000001101
00000000000000000000000000001110
00000000000000000000000000001111
00000000000000000000000000010000
00000000000000000000000000010001
00000000000000000000000000010010
00000000000000000000000000010011
00000000000000000000000000010100
00000000000000000000000000010101
00000000000000000000000000010110
00000000000000000000000000010111
00000000000000000000000000011000
00000000000000000000000000011001
00000000000000000000000000011010
00000000000000000000000000011011
00000000000000000000000000011100
00000000000000000000000000011101
00000000000000000000000000011110
00000000000000000000000000011111
00000000000000000000000000000000
00000000000000000000000000010100
00000000000000000000000000000010
00000000000000000000000000000011
00000000000000000000000000000100
00000000000000000000000000000101
00000000000000000000000000000110
00000000000000000000000000000111
00000000000000000000000000001000
00000000000000000000000000001001
00000000000000000000000000001010
00000000000000000000000000001011
00000000000000000000000000001100
00000000000000000000000000001101
00000000000000000000000000001110
00000000000000000000000000001111
00000000000000000000000000010000
00000000000000000000000000010001
00000000000000000000000000010010
00000000000000000000000000010011
00000000000000000000000000010100
00000000000000000000000000010101
00000000000000000000000000010110
00000000000000000000000000010111
00000000000000000000000000011000
00000000000000000000000000011001
00000000000000000000000000011010
00000000000000000000000000011011
00000000000000000000000000011100
00000000000000000000000000011101
00000000000000000000000000011110
00000000000000000000000000011111
00000000000000000000000000000000
00000000000000000000000000000001
00000000000000000000000000000010
00000000000000000000000000000011
00000000000000000000000000000100
00000000000000000000000000000101
00000000000000000000000000000110
00000000000000000000000000000111
00000000000000000000000000001000
00000000000000000000000000001001
00000000000000000000000000001010
00000000000000000000000000001011
00000000000000000000000000001100
00000000000000000000000000001101
00000000000000000000000000001110
00000000000000000000000000001111
00000000000000000000000000010000
00000000000000000000000000010001
00000000000000000000000000010010
00000000000000000000000000010011
00000000000000000000000000010100
00000000000000000000000000010101
00000000000000000000000000010110
00000000000000000000000000010111
00000000000000000000000000011000
00000000000000000000000000011001
00000000000000000000000000011010
00000000000000000000000000011011
00000000000000000000000000011100
00000000000000000000000000011101
00000000000000000000000000011110
00000000000000000000000000011111