10000000011010000000000000000000
10100000011010100000000000111111
10000000010010010000000000000010
10100000001010110000000000111111
10010000000001000000000000010100
10100100010100100000000011110110
10010000001001010000000000000000
10100100011001100000000011101101
10000100011101000000000000010000
10101100000011110000000011011000
10000100010101010000000000010110
10101100001100000000000011011000
10010100001101100000000000011001
10010100011101110000000000011101
00111100000111100000000000000001
00111100000111111111111111111111
10001100000111010000000000110000
10001100000111000000000000110001